0 2989 -151 35.667276350587045 139.74961257632665
0 8000 -151 35.66727635086117 139.74961257733892
0 8000 -151 35.66727635140943 139.7496125783512
0 8000 -151 35.66727635195768 139.74961257902604
0 8000 -151 35.66727635223181 139.74961257936346
0 8000 -151 35.66727635223181 139.74961257936346
0 8000 -151 35.66727635223181 139.74961258003833
0 8000 -151 35.66727635223181 139.74961258003833
0 8000 -151 35.66727635223181 139.74961258003833
3 8000 -151 35.66727628918214 139.7496127342411
5 8000 -151 35.66727574284326 139.74961416019502
7 8000 -151 35.66727514167856 139.7496157356278
9 8000 -152 35.6672741663279 139.74961831186022
11 8000 -152 35.6672732592353 139.7496207440126
13 8000 -152 35.66727146615807 139.74962554555648
15 8000 -153 35.6672701717213 139.7496290321589
17 8000 -153 35.66726820265319 139.7496344113727
19 8000 -154 35.6672662426313 139.74963983141484
21 8000 -154 35.66726451698962 139.74964461844948
22 8000 -155 35.66726133188534 139.74965350316145
24 8000 -155 35.66725923781422 139.74965946510656
25 8000 -155 35.66725742033917 139.74966463208065
27 8000 -156 35.66725478897514 139.74967214550142
28 8000 -156 35.667251280124134 139.74968221862082
28 8000 -156 35.66724774852028 139.74969245539089
28 7388 -156 35.667245613055314 139.7496987672447
28 6896 -157 35.667242472085064 139.74970812839942
28 6577 -157 35.66724008551775 139.74971526694208
29 6371 -157 35.66723719702014 139.7497239485248
33 5833 -157 35.66723440145216 139.74973239795983
34 4878 -157 35.66723062669507 139.7497438906221
36 3807 -157 35.66722715813998 139.74975455457098
37 2764 -158 35.667224302263236 139.74976332523366
38 1899 -158 35.66721911903038 139.74977933887175
38 1398 -158 35.66721586566611 139.74978940490524
38 944 -158 35.667212799806094 139.7497989265051
37 778 -158 35.66720784958224 139.7498143088228
36 783 -158 35.667204824292995 139.7498237239654
35 933 -158 35.66720198979752 139.74983254119257
34 1195 -158 35.66719772188053 139.74984581241688
33 1538 -158 35.66719446275869 139.74985594272968
33 1883 -158 35.66719150792015 139.74986513061717
32 2313 -158 35.66718884749628 139.74987339008243
32 2773 -158 35.66718525119515 139.74988455308144
32 3078 -158 35.66718236406618 139.74989351219543
32 3303 -158 35.6671796296271 139.74990199436058
32 3427 -158 35.6671757789336 139.74991393107288
31 3493 -158 35.66717303681867 139.74992243533927
27 3862 -158 35.66716986898089 139.74993225471582
25 4688 -158 35.667167275992085 139.74994028911928
24 5600 -158 35.6671652090573 139.74994669039046
23 7233 -158 35.6671628644295 139.74995395445487
24 8000 -158 35.66716001019522 139.7499627990134
25 8000 -158 35.667157863488626 139.74996944829124
26 8000 -158 35.66715587577694 139.74997560155575
27 8000 -158 35.66715304127975 139.74998437862948
28 8000 -158 35.66715057877596 139.7499920023879
30 7706 -158 35.66714785283379 139.75000044119403
31 6571 -158 35.66714541609801 139.75000798498297
33 5667 -158 35.6671414209367 139.75002035309188
34 4638 -158 35.66713846280663 139.7500295090928
35 3674 -158 35.66713584021083 139.75003762667126
35 2870 -158 35.66713194017197 139.75004969835317
35 2491 -158 35.66712827396525 139.75006104963478
35 2186 -158 35.667124565542494 139.75007252913753
35 2045 -158 35.66712210358607 139.7500801490156
34 2023 -158 35.66711845163367 139.7500914554198
36 1962 -158 35.66711564948241 139.75010013042277
37 1750 -158 35.66711318642922 139.75010775772412
38 1446 -158 35.66710800099608 139.75012381151566
38 1130 -158 35.66710589979358 139.7501303145202
37 853 -158 35.66709995310234 139.75014873078604
37 704 -158 35.66709749553125 139.75015634037265
36 310 -158 35.6670949880685 139.75016410348718
35 61 -158 35.66709021108723 139.75017889666256
34 0 -158 35.667087297912516 139.75018791634417
33 0 -158 35.6670845823851 139.75019632731284
31 0 -158 35.667081095456965 139.7502071260626
30 0 -158 35.6670779336464 139.75021691034706
29 295 -158 35.667075169323596 139.75022547585593
28 773 -158 35.66707226327573 139.75023447647308
27 1281 -158 35.667069546377135 139.7502428781626
27 1763 -158 35.66706755400308 139.75024905302223
27 2155 -158 35.66706542648306 139.7502556395392
27 2412 -158 35.66706163006175 139.75026740230942
27 2572 -158 35.667059180439225 139.75027498085302
26 2673 -158 35.667056945734316 139.7502818966958
23 2976 -158 35.667054972823124 139.75028800525166
21 3480 -158 35.667053279798296 139.7502932532075
19 4602 -158 35.667050512733354 139.75030164797982
18 5797 -157 35.667048633848495 139.7503071432675
19 7150 -157 35.66704614968525 139.75031415780683
19 8000 -156 35.66704470228045 139.7503178313422
20 8000 -155 35.6670422386768 139.75032394985203
22 8000 -155 35.66704008621031 139.75032919291525
24 7651 -152 35.66703660119914 139.75033667630527
25 6660 -151 35.667033480232135 139.7503427091094
26 5620 -146 35.66702870105412 139.75034993605715
27 4622 -142 35.667023677900346 139.75035572220435
28 3720 -138 35.66701903414187 139.75036045457628
28 3017 -134 35.66701349891299 139.75036574217947
28 2516 -127 35.66700600338132 139.75037091927626
28 2269 -121 35.66699909366447 139.7503739840987
27 2168 -116 35.66699303621681 139.75037593845863
26 2261 -110 35.666985779176244 139.75037720565456
25 2534 -100 35.66697603221283 139.75037700691183
25 2870 -95 35.66697030755719 139.75037593457827
24 3184 -93 35.66696530578187 139.75037504985247
23 3697 -89 35.666958199236134 139.75037391340837
23 4193 -87 35.66695396886192 139.7503727145408
23 4705 -83 35.666945192589125 139.75036986583848
23 5986 -81 35.66693959841717 139.75036803362602
23 7320 -79 35.666934895441685 139.75036636168997
24 8000 -77 35.66692894325513 139.75036396074933
25 8000 -75 35.66692217772402 139.7503610082891
26 8000 -74 35.666916220876274 139.75035839173452
26 8000 -73 35.6669102294877 139.75035577450507
26 8000 -72 35.66690510407591 139.7503535758501
26 8000 -72 35.666898145280996 139.75035064414146
26 8000 -72 35.666891657715354 139.75034793597627
27 8000 -72 35.6668871236013 139.75034625358006
29 8000 -72 35.66687809950737 139.75034266035163
31 7477 -72 35.66687089700828 139.7503397794253
33 6693 -72 35.66686356923097 139.75033690879042
35 5317 -72 35.66685564960561 139.75033380718878
37 3838 -72 35.66684255604254 139.7503287949236
38 2562 -72 35.66683399001552 139.75032561723285
38 1624 -73 35.666827298765725 139.75032316669086
38 968 -73 35.66681841118205 139.75031993585583
38 676 -73 35.66680759508921 139.75031610575573
37 539 -73 35.66680179668036 139.75031406046
36 593 -73 35.66678887882618 139.750309522613
36 766 -73 35.66678180187084 139.7503070352918
34 1096 -73 35.66677363442328 139.75030417528578
33 1420 -73 35.666760903521634 139.75029966342044
33 1856 -73 35.666753750081355 139.75029713712675
33 2252 -73 35.66674736585125 139.75029486339497
33 2582 -73 35.666736835118925 139.75029110516616
33 2829 -73 35.66672845219992 139.7502881025985
33 2957 -73 35.666720510904796 139.75028523938693
30 3075 -73 35.6667135255031 139.75028268390608
28 3548 -73 35.66670810703279 139.7502807109878
25 4433 -73 35.666699351292806 139.75027748690124
24 5650 -73 35.66669402355886 139.75027550419767
23 6938 -73 35.666688458975415 139.7502734260031
23 8000 -73 35.666682666314685 139.75027123460276
24 8000 -73 35.666678484172905 139.75026964111782
25 8000 -73 35.66666968237564 139.75026629893284
27 8000 -72 35.666663648478234 139.7502639752623
27 8000 -72 35.66665943864824 139.75026236338775
30 8000 -72 35.666648666943104 139.7502582226888
31 7054 -72 35.66664232958101 139.7502557743401
32 6037 -72 35.666635320048925 139.75025308135895
33 4786 -72 35.6666283689062 139.75025039596986
35 3819 -72 35.66661577998133 139.7502455313277
35 3090 -72 35.66661039960866 139.75024344402266
34 2667 -72 35.66660191935979 139.7502401507642
34 2386 -72 35.666594002998025 139.75023708239883
34 2180 -72 35.66658219616431 139.75023250406093
34 2134 -72 35.66657623792054 139.75023019827387
36 2058 -72 35.66656815707742 139.75022707912618
38 1752 -72 35.666557281190066 139.7502229191941
38 1360 -72 35.66654833792764 139.75021948269912
38 1023 -72 35.66653944784569 139.750216118919
37 731 -72 35.66652562175145 139.75021092663812
37 629 -73 35.66651985429897 139.7502087791029
36 711 -73 35.66651224221506 139.75020593984846
35 887 -73 35.6665030305728 139.75020254485662
34 1251 -73 35.66649266456132 139.75019878915853
33 1706 -73 35.66648587377313 139.7501963381104
32 2234 -73 35.666474344070565 139.7501921609697
32 2621 -73 35.666467636890985 139.75018975564254
31 3038 -73 35.6664601942155 139.75018708999272
31 3357 -73 35.666450036812705 139.75018345812924
31 3664 -73 35.66644407855907 139.75018133168305
31 3885 -73 35.666436666310034 139.75017869319586
31 4067 -73 35.6664305496072 139.75017651866676
31 4153 -73 35.66642055421255 139.75017299427282
31 4194 -73 35.666413165262526 139.7501703927336
29 4303 -74 35.666405829493385 139.75016782814228
27 4711 -74 35.66640037536506 139.75016591393577
25 5495 -74 35.6663913975444 139.75016277133713
24 6743 -74 35.66638568079665 139.7501607850906
24 7990 -74 35.66638031521158 139.7501589226787
25 8000 -74 35.66637518318659 139.75015714664735
26 8000 -74 35.66636701131128 139.7501543440034
27 8000 -74 35.66636151797938 139.75015246674485
28 8000 -74 35.666354861504786 139.75015020009894
30 7626 -74 35.666347565479455 139.75014773386675
31 6490 -74 35.66633811011471 139.7501445632619
33 5249 -74 35.666330607940466 139.75014205552657
34 4284 -74 35.666323700906474 139.7501397526076
35 3416 -74 35.66631206728434 139.75013591643386
35 2866 -74 35.66630369144819 139.75013313808444
35 2398 -74 35.66629581425778 139.75013053722006
35 2114 -74 35.66628782522058 139.75012790295068
35 1926 -74 35.66627629987552 139.75012410726782
35 1842 -75 35.6662693588444 139.75012182526916
35 1853 -75 35.666260924887695 139.7501190534995
37 1826 -75 35.666250348036954 139.7501155773572
38 1578 -75 35.666240695559466 139.7501124060775
38 1362 -75 35.66623330193252 139.75010997746807
37 1072 -75 35.66621919233222 139.75010534379265
37 837 -75 35.6662137935659 139.75010357062942
36 777 -75 35.66620287897754 139.75009998566787
35 912 -75 35.66619765647741 139.75009826952927
35 1110 -75 35.666185834507814 139.75009438493518
34 1443 -75 35.666177256348476 139.75009156592617
33 1841 -75 35.66616954718893 139.75008902478584
32 2289 -74 35.666159127678256 139.750085576481
32 2660 -74 35.66615105995129 139.75008289328517
31 3106 -74 35.66614475873523 139.75008078944637
31 3505 -74 35.6661353987447 139.75007764347347
31 3712 -74 35.666128014702664 139.75007515024737
31 3910 -74 35.66612113533853 139.7500728252271
31 4054 -74 35.66611192474765 139.75006965209158
31 4107 -74 35.666104844991 139.75006719733182
31 4142 -74 35.66609503322469 139.75006379154243
29 4305 -74 35.66608839207929 139.75006144475833
26 4756 -74 35.666081005565715 139.75005885384795
24 5621 -74 35.66607556292877 139.75005693373654
24 6707 -74 35.66606897194812 139.7500546017991
24 7958 -73 35.66606344761868 139.75005258754638
25 8000 -73 35.66605806474156 139.75005061952075
26 8000 -73 35.66604793799053 139.7500469670744
27 8000 -73 35.66604361244387 139.7500453853993
29 8000 -73 35.66603655982033 139.7500427928018
30 7316 -73 35.66602974541789 139.75004028051123
32 6258 -73 35.666020961093636 139.75003699265153
33 5231 -73 35.66601257837361 139.75003385966946
34 4132 -73 35.66600152559458 139.7500296988938
35 3339 -73 35.66599509250861 139.75002727703287
35 2762 -73 35.665987340840786 139.75002436135188
35 2335 -73 35.665979151929534 139.75002127004166
35 2056 -72 35.66597046738423 139.75001798893044
35 1971 -72 35.665961482387786 139.750014585503
35 1943 -72 35.665951039822744 139.75001061958974
35 1958 -72 35.665943880278974 139.75000789607174
37 1880 -72 35.66593281570269 139.7500036838389
38 1605 -72 35.66592519890257 139.75000078401686
38 1339 -72 35.6659144503997 139.74999669005115
37 1048 -72 35.66590732210388 139.74999397361904
37 855 -72 35.66589410392862 139.7499889379029
36 863 -72 35.66588673028133 139.74998612986016
35 1009 -72 35.66587952714454 139.74998338660285
34 1259 -72 35.66587169295126 139.74998040208735
33 1591 -72 35.66585947014977 139.74997574799778
33 1987 -72 35.66585378324453 139.74997358325393
32 2468 -72 35.66584411098145 139.74996990111427
32 2815 -72 35.66583698980682 139.74996719041837
31 3192 -72 35.66582973567664 139.74996442927758
31 3532 -72 35.665823570131494 139.74996208249348
31 3718 -72 35.665811294963106 139.74995741068915
31 3844 -72 35.66580527717473 139.74995512025487
31 3922 -72 35.66580052506245 139.7499533116621
31 3961 -72 35.66578954764094 139.74994913384654
31 4037 -72 35.66578356987449 139.74994685910247
28 4255 -72 35.665776572877206 139.7499441966582
26 4728 -72 35.66576787652211 139.7499408875408
24 5497 -72 35.66576096258606 139.7499382556334
24 6614 -72 35.66575503333924 139.74993599911022
24 8000 -72 35.665750229960906 139.74993417195913
25 8000 -72 35.66574418886651 139.74993187342668
26 8000 -72 35.66573667484869 139.74992901460163
27 8000 -72 35.665729207707116 139.74992617332262
28 8000 -72 35.6657244218718 139.74992435224516
30 7457 -72 35.6657186058397 139.74992213908098
31 6503 -72 35.66570916492957 139.74991854635869
32 5443 -72 35.66570219917706 139.74991589538683
34 4601 -72 35.66569039906486 139.74991140596018
35 3785 -72 35.66568326170257 139.74990869610784
35 3123 -72 35.665676061014636 139.74990598423096
35 2546 -73 35.6656661718897 139.74990230225998
35 2167 -73 35.66565822116834 139.74989932803592
35 1941 -73 35.665651101896074 139.7498967460673
35 1872 -73 35.6656378872421 139.74989207527523
35 1878 -73 35.66563076741977 139.74988955286193
37 1763 -73 35.66562346995758 139.74988695368467
38 1463 -73 35.66561538655081 139.7498840327736
38 1229 -73 35.66560200165334 139.74987912915896
38 929 -73 35.66559568750961 139.7498768014393
37 751 -73 35.66558223654236 139.7498717658919
36 757 -72 35.66557496785988 139.74986898703634
35 927 -72 35.66556374615325 139.74986466986465
34 1216 -72 35.665556405097476 139.7498618152574
33 1457 -72 35.66554828961016 139.7498586498826
32 1881 -72 35.66554124544105 139.7498558995394
32 2420 -72 35.6655310733922 139.74985189617206
31 2876 -72 35.665523332644725 139.7498488367484
31 3288 -72 35.66551714130722 139.7498463826635
31 3607 -72 35.665510455429754 139.74984373911497
31 3796 -72 35.66550055943094 139.74983982044105
31 3936 -72 35.66549395908224 139.7498372016932
31 4044 -72 35.6654874163013 139.74983461010797
31 4104 -72 35.66548005714564 139.74983169257115
31 4139 -72 35.66547370022718 139.74982917032656
28 4286 -72 35.66546239160549 139.74982468882936
26 4834 -72 35.66545673921297 139.74982244867127
25 5705 -72 35.66545030663134 139.7498199001076
24 6810 -72 35.665442320250904 139.74981673793837
24 8000 -72 35.66543655491327 139.74981445728938
25 8000 -72 35.66543251827203 139.74981285975534
26 8000 -72 35.66542666383974 139.74981054232714
27 8000 -72 35.665421453899 139.74980848167863
29 8000 -72 35.66541207134459 139.74980477153275
30 7406 -72 35.66540482457745 139.74980190511567
31 6474 -72 35.66539854742638 139.74979942319325
33 5368 -72 35.66538622970164 139.74979456394988
34 4364 -72 35.6653810159204 139.7497925233781
35 3443 -72 35.6653718674729 139.74978894010366
35 2746 -72 35.665365313168294 139.74978637163198
35 2352 -72 35.66535291648739 139.74978159033355
35 2039 -72 35.66534595673481 139.74977893953042
35 1865 -72 35.665338116184046 139.74977600360396
35 1787 -73 35.66532948392893 139.7497728497016
35 1794 -73 35.66531775503687 139.749768630889
37 1714 -74 35.665309376080884 139.74976579956402
38 1469 -74 35.66530041239264 139.74976281150558
38 1181 -74 35.665290274854215 139.74975949496485
37 988 -74 35.665280581140266 139.74975628572494
37 812 -75 35.66527273016594 139.74975374087293
36 802 -75 35.66526433612779 139.74975108973237
35 950 -75 35.66525156441334 139.7497471867487
34 1175 -76 35.66524663435395 139.74974572283455
33 1577 -76 35.665236688703814 139.74974284899415
33 1913 -76 35.665228662004026 139.74974059736363
32 2415 -77 35.66522127760399 139.74973859104037
32 2776 -77 35.66521467202361 139.74973683913484
31 3162 -77 35.665204280076054 139.74973419035624
31 3492 -77 35.665198076377706 139.74973264259225
31 3726 -78 35.66518984982882 139.74973067675987
31 3875 -78 35.66517926461209 139.7497282486566
31 3965 -79 35.66517186184035 139.74972659831568
31 4060 -79 35.66516483381206 139.74972502895653
31 4096 -79 35.66515712140219 139.7497233384622
29 4178 -79 35.66514740861963 139.74972128759896
26 4682 -80 35.665140398682155 139.74971989336288
25 5455 -80 35.66513657215138 139.7497191449564
24 6514 -80 35.665128255953604 139.74971752599592
24 7970 -80 35.66512216354866 139.7497163797665
25 8000 -80 35.665117171526475 139.74971545724924
25 8000 -81 35.66511119562864 139.74971434374996
27 8000 -81 35.66510217325296 139.74971268126177
28 8000 -81 35.665095453484895 139.74971143954136
30 7592 -81 35.66508775450099 139.7497100507041
31 6309 -81 35.66508046055296 139.7497087529713
33 5294 -81 35.665071343459616 139.74970714717034
34 4359 -81 35.66506449224052 139.74970593649294
35 3528 -81 35.66505344769139 139.74970399158087
35 2903 -81 35.66504446917102 139.74970244887822
35 2470 -82 35.66503583688417 139.74970098547024
35 2172 -82 35.66502626951633 139.74969938169383
35 2010 -82 35.665016985330524 139.7496978190832
35 1952 -82 35.665011388007954 139.7496968938665
35 1963 -82 35.664997905690655 139.7496946888005
37 1905 -82 35.6649891311218 139.74969327803066
37 1710 -82 35.66498334628771 139.7496923642864
38 1498 -82 35.6649729116818 139.74969075983518
37 1200 -82 35.66496223843838 139.74968911691758
37 979 -82 35.664953723061984 139.74968785360204
36 899 -83 35.66494499139068 139.74968656464227
35 972 -83 35.664932447707116 139.74968477224584
34 1187 -83 35.66492345985249 139.74968349037198
34 1551 -83 35.664916386980934 139.74968250003246
33 1868 -83 35.664907886951354 139.74968132309746
32 2207 -83 35.664900422336515 139.74968029665357
32 2606 -83 35.66489054709652 139.7496789388593
32 3036 -83 35.664883495330585 139.74967796775294
31 3350 -83 35.66487600590412 139.74967693894712
31 3588 -83 35.66486800713005 139.74967583961964
31 3754 -83 35.664856701026835 139.7496742901685
31 3848 -83 35.66485024440986 139.749673406455
31 3898 -83 35.66484405110121 139.74967255850842
31 3931 -83 35.66483384921966 139.74967116157296
30 3962 -83 35.66482853684995 139.7496704347616
27 4400 -83 35.66481863432439 139.74966908034156
26 5111 -83 35.664812396603025 139.7496682266588
24 6301 -83 35.66480460164372 139.74966716006145
24 7535 -83 35.66479834623941 139.7496663040167
24 8000 -83 35.6647927245033 139.74966553536476
25 8000 -83 35.66478708056164 139.74966476300116
27 8000 -83 35.66477889467981 139.74966364207856
28 8000 -83 35.66477000590861 139.74966242465268
29 7763 -83 35.664765103096144 139.74966175317888
31 6676 -83 35.664753875381706 139.74966021486276
33 5612 -83 35.664746204875186 139.7496591637869
33 4622 -83 35.66473960501237 139.74965825949053
34 3832 -83 35.66473216546542 139.7496572394577
35 3109 -83 35.66471945287964 139.74965549767487
35 2643 -83 35.66471436255388 139.749654799882
35 2193 -83 35.664701763869445 139.74965307294585
35 1992 -83 35.66469431952157 139.74965205257558
35 1915 -83 35.66468552504436 139.74965084695955
35 1912 -83 35.66467423988685 139.74964930054523
36 1877 -83 35.66466536960827 139.74964808480647
37 1655 -83 35.66465776612 139.74964704216623
38 1444 -83 35.664649049905094 139.74964584734778
38 1185 -83 35.66463604109997 139.74964406473666
37 964 -83 35.664626453398014 139.74964275047006
36 850 -83 35.66461888102066 139.74964171221635
36 923 -83 35.66460960460043 139.7496404408026
34 1171 -83 35.664598097791526 139.74963886267045
34 1485 -83 35.66458944722622 139.74963767561275
33 1858 -83 35.66458240735872 139.7496367061935
32 2260 -83 35.66457252687074 139.74963533996365
32 2720 -83 35.66456345138842 139.74963407361128
32 3087 -83 35.664558006866116 139.7496333056342
31 3394 -83 35.664548909039866 139.74963199170503
31 3616 -83 35.664540313845194 139.74963074154903
31 3772 -83 35.66452984628475 139.74962920525743
31 3857 -83 35.664525651556914 139.74962858203526
31 3894 -83 35.664514330464684 139.7496268706206
31 3920 -83 35.664510644536875 139.74962630813476
31 3952 -82 35.66449981483569 139.74962463653614
27 4284 -82 35.66449004591183 139.74962309552063
25 5095 -82 35.6644837636173 139.749622083586
24 5925 -82 35.664479893192905 139.74962142459685
24 7323 -82 35.66447304493856 139.74962028983987
25 8000 -82 35.664467524199594 139.7496193862183
25 8000 -82 35.664459076345594 139.7496179842215
26 8000 -82 35.664453264196325 139.7496170094035
27 8000 -82 35.66444723835558 139.7496159475301
29 8000 -82 35.664440998275026 139.74961487215973
30 7179 -82 35.664431486348974 139.74961324240167
32 6059 -81 35.66442310496984 139.74961175199977
33 5008 -81 35.66441586990089 139.74961045224242
34 4046 -81 35.66440758816951 139.74960897095096
35 3108 -81 35.664400383391495 139.74960766781936
35 2545 -81 35.664387488724685 139.74960531192482
35 2168 -81 35.664379255924175 139.74960378676823
35 1929 -81 35.664371155668945 139.74960227578345
35 1848 -81 35.664359671442185 139.7496001081715
35 1831 -81 35.664349835337134 139.74959822939454
36 1802 -81 35.66434087085581 139.7495965166302
37 1622 -81 35.664333417016465 139.74959509607504
38 1371 -81 35.66432339887986 139.74959317916915
38 1073 -81 35.664312390825785 139.74959106959417
37 815 -81 35.66430474165969 139.74958960449905
36 739 -81 35.66428951967306 139.749586693542
36 850 -81 35.66428320391776 139.7495854889382
34 1079 -81 35.66427318920161 139.74958357945567
34 1407 -81 35.66426584597116 139.74958219298034
33 1802 -81 35.66425754709053 139.74958062902
32 2306 -81 35.66424856697287 139.7495789604582
32 2731 -81 35.66423852703157 139.74957708505545
31 3123 -81 35.66423154689549 139.74957580554354
31 3393 -81 35.66422447026174 139.749574542228
31 3644 -81 35.6642139271345 139.74957262835895
31 3809 -81 35.66420693164447 139.7495713836017
31 3911 -81 35.66419988584927 139.74957013445797
31 3970 -81 35.66419312296537 139.7495689467254
31 4046 -81 35.66418177537152 139.74956700113847
31 4078 -82 35.66417538367104 139.74956594770066
28 4258 -82 35.66416779206112 139.74956466515195
25 5064 -82 35.66415958884505 139.7495633201798
24 5895 -82 35.66415329103562 139.74956230858257
24 7289 -82 35.66414851346711 139.74956154128034
24 8000 -82 35.66414308344591 139.74956067747482
25 8000 -82 35.66413457977016 139.74955933385237
26 8000 -82 35.66412953655917 139.749558544955
28 8000 -82 35.66412319529621 139.74955756305107
29 8000 -82 35.66411286228373 139.7495559916674
30 7094 -82 35.664106610114885 139.74955507218692
32 6001 -83 35.66409830285646 139.7495538611721
33 5165 -83 35.66408962591956 139.749552618102
34 4219 -83 35.6640793418367 139.74955117527688
35 3372 -83 35.664072889817234 139.74955027098048
35 2755 -83 35.664061387865516 139.7495486560691
35 2335 -83 35.66405137791898 139.7495472895018
35 2066 -83 35.664042867105834 139.7495461409104
35 1953 -83 35.664037872960094 139.74954546606236
35 1920 -83 35.66402888911685 139.7495443036366
36 1923 -84 35.664017885545505 139.74954290096494
37 1752 -84 35.66400855642053 139.7495417739687
38 1530 -84 35.66399598202318 139.74954022283043
38 1260 -84 35.663987742740034 139.74953925881002
37 1022 -84 35.66397808608248 139.74953819322494
36 835 -84 35.663966300381915 139.7495368934676
36 862 -84 35.66395954960896 139.7495361815029
35 1065 -85 35.66395016558056 139.749535208372
34 1356 -85 35.663942090502715 139.74953438337027
33 1722 -85 35.663930496421 139.7495332604231
32 2132 -85 35.66392246917867 139.74953252956269
32 2553 -85 35.66391603702171 139.74953196842654
32 2890 -85 35.66390889778744 139.74953136612464
31 3257 -85 35.66389689612248 139.7495303794968
31 3579 -86 35.66389055963852 139.7495298952933
31 3784 -86 35.66388300110401 139.7495293230222
31 3889 -86 35.66387389538785 139.7495286704441
31 3952 -86 35.66386498047254 139.74952806746737
31 4035 -86 35.66385768744078 139.74952761059524
31 4071 -87 35.663850614954555 139.74952722491958
27 4454 -87 35.66384056132472 139.74952662599193
25 5184 -87 35.66383380718288 139.74952626899733
24 6385 -87 35.66382880013944 139.74952602470233
24 7409 -87 35.66382335755456 139.7495257561128
25 8000 -87 35.663814229831814 139.74952534344322
25 8000 -87 35.663809761816495 139.74952515246122
26 8000 -87 35.6638040668837 139.74952494089638
28 8000 -87 35.66379611679932 139.74952461798156
30 7993 -88 35.66378686577859 139.74952426604833
31 6919 -88 35.663779203883124 139.74952400353243
32 5645 -88 35.66377362326489 139.7495238081639
33 4788 -88 35.66376444769887 139.74952349267244
34 3877 -88 35.66375280218989 139.74952310632193
35 3052 -88 35.66374551908554 139.7495228741742
35 2607 -88 35.6637368534186 139.74952260254787
35 2242 -88 35.663724934381335 139.74952223678022
35 2003 -88 35.663717265900544 139.74952200125827
35 1924 -88 35.663709554173266 139.74952176641114
35 1921 -88 35.66369757447818 139.74952140739197
36 1880 -88 35.66368962047669 139.74952117052032
37 1742 -88 35.663682014496686 139.74952094410878
38 1448 -88 35.66367190608587 139.74952064042716
38 1187 -88 35.663663492483906 139.7495203897211
37 992 -88 35.66364986471264 139.74951998143806
37 839 -88 35.66364235659735 139.7495197560388
36 891 -88 35.663633107135084 139.74951947732654
35 1093 -88 35.66362188111192 139.74951913821542
34 1340 -88 35.66361334530613 139.7495188807609
33 1772 -88 35.663605808813756 139.74951865266223
32 2188 -88 35.663596246962996 139.74951836214015
32 2607 -88 35.663586892773324 139.74951807870397
32 3003 -88 35.66358184027547 139.74951792517604
31 3338 -88 35.663573681752766 139.74951767750682
31 3588 -88 35.663563054035436 139.74951735425458
31 3731 -88 35.663556453115305 139.74951715314987
31 3853 -88 35.663545116259584 139.74951680762769
31 3917 -88 35.66353863335601 139.74951661023462
31 3955 -88 35.66353053431767 139.74951636324022
31 4036 -88 35.66352415620361 139.74951616854656
27 4280 -88 35.663513321297 139.74951583820845
26 4957 -88 35.663509346034814 139.7495157167358
24 5900 -88 35.66350093762442 139.7495154596187
24 6878 -88 35.66349553380827 139.74951529529318
24 8000 -88 35.66348994720762 139.74951512489406
25 8000 -88 35.663481131694425 139.74951485562968
26 8000 -88 35.66347451171468 139.74951465317528
28 8000 -88 35.663467435973345 139.74951443688647
29 8000 -88 35.663459168878745 139.74951418415588
30 7015 -88 35.66345360578323 139.74951401409416
32 5914 -88 35.663443409001246 139.74951370197695
33 4718 -88 35.66343550137296 139.74951346004391
34 3796 -88 35.663428618041664 139.7495132491539
35 3085 -88 35.66341567777884 139.74951285268068
35 2475 -88 35.663408264666046 139.74951262626917
35 2163 -88 35.66339910626044 139.7495123462072
35 1974 -88 35.66338956737859 139.74951205467286
35 1900 -88 35.66338171772608 139.7495118151018
35 1903 -88 35.663369025314594 139.749511427739
36 1858 -88 35.663361786654804 139.74951120672628
37 1701 -88 35.66335345139062 139.749510952646
38 1488 -88 35.663344942147944 139.7495106931669
38 1223 -88 35.663330617383636 139.74951025586537
37 992 -88 35.663323182297304 139.74951002911644
37 850 -88 35.66331326289661 139.74950972610966
35 879 -88 35.663304830752224 139.74950946865513
35 1076 -88 35.66329472705688 139.74950916024957
34 1314 -88 35.66328580542893 139.74950888862324
33 1684 -88 35.66327986948738 139.74950870776397
32 2034 -88 35.66326765790592 139.74950833558526
32 2533 -88 35.663261194478224 139.74950813886704
31 2955 -88 35.66325307327472 139.7495078908604
31 3340 -88 35.66324292547014 139.74950758110515
31 3621 -88 35.66323497903079 139.74950733849727
31 3810 -88 35.663224927824984 139.74950702368065
31 3932 -88 35.663218253852094 139.74950680874156
31 4043 -88 35.663211143820206 139.7495065830049
31 4086 -88 35.66320328774205 139.74950632251353
30 4145 -88 35.663192890940806 139.74950595742072
27 4587 -88 35.66318703706389 139.74950572291104
25 5210 -88 35.663179426375606 139.74950543238896
24 6220 -88 35.66317310559792 139.7495051732473
24 7413 -88 35.66316552530391 139.74950486517918
24 8000 -88 35.66316224939757 139.7495047268353
26 8000 -88 35.66315277967429 139.74950431585285
27 8000 -88 35.663146134223425 139.74950403950257
28 8000 -88 35.66314022515465 139.7495037854223
30 8000 -88 35.66313058443197 139.74950336262998
31 7143 -88 35.66312417357729 139.74950308358032
32 5773 -87 35.66311668275209 139.7495027518925
34 4493 -87 35.66310566207525 139.74950225655402
35 3565 -87 35.663097801292054 139.74950190158395
35 2887 -87 35.663089247028324 139.74950151523345
35 2386 -87 35.66307695768096 139.74950095443472
35 2037 -87 35.66306987107575 139.74950063017022
35 1880 -87 35.66306102875291 139.74950022492396
35 1813 -87 35.66304911708515 139.74949967660993
35 1817 -87 35.66304179204117 139.74949934019818
36 1763 -87 35.663033939664444 139.74949897847964
38 1580 -87 35.663025523682165 139.74949859145428
38 1325 -87 35.66301473755682 139.74949809577836
38 1075 -87 35.6630043138821 139.74949761697368
37 857 -87 35.66299482243133 139.74949718135926
36 766 -87 35.66298617433095 139.7494967842112
36 875 -87 35.66297466359575 139.7494962561426
35 1117 -87 35.662965891014764 139.74949585359573
34 1453 -87 35.66295532792303 139.74949536905484
33 1846 -87 35.662946930882654 139.74949498405402
32 2266 -87 35.66294066219103 139.74949469656875
32 2626 -87 35.66292905770918 139.74949416546335
31 3098 -87 35.66292285146952 139.74949388168974
31 3421 -87 35.66291590001639 139.74949356282403
31 3666 -87 35.66290452088583 139.7494930415039
31 3827 -87 35.66289829557414 139.74949275705546
31 3919 -87 35.6628905298856 139.74949240141055
31 3963 -87 35.66288086721195 139.74949195938507
31 4040 -87 35.66287504958059 139.74949169282007
31 4106 -87 35.662866805205894 139.7494913152426
27 4517 -87 35.662857982516215 139.7494909120209
25 5115 -87 35.66285129641582 139.74949060530244
24 6129 -87 35.6628457684091 139.74949035223443
24 7546 -87 35.662837608678245 139.74948997836862
25 8000 -87 35.66283209095526 139.74948972631287
25 8000 -87 35.66282580552752 139.74948943849017
27 8000 -87 35.66281751042948 139.74948905888814
28 8000 -87 35.66281147183322 139.74948878253787
29 7822 -87 35.66280413967827 139.74948844646354
31 6721 -87 35.66279816937718 139.74948817247522
33 5604 -87 35.662786707523935 139.7494876464312
33 4619 -87 35.662780233579824 139.7494873491606
35 3550 -87 35.66276847021656 139.74948680995703
35 2874 -87 35.662760412804346 139.7494864404777
35 2393 -87 35.66275234435696 139.74948607032357
35 2086 -87 35.662743682882905 139.74948567385033
35 1902 -87 35.662731782030804 139.74948514207006
35 1857 -87 35.66272306504024 139.7494847675294
35 1866 -87 35.662715067232725 139.74948442099492
36 1795 -88 35.66270631186012 139.74948405016593
38 1585 -88 35.66269441504603 139.7494835976803
38 1325 -88 35.662685118064104 139.74948323258752
37 1037 -88 35.66267335239087 139.74948278786263
37 843 -88 35.66266525038624 139.74948248418102
36 794 -88 35.662656712799034 139.74948217003924
36 896 -88 35.66264863155919 139.74948187917974
34 1192 -88 35.66263574096152 139.74948142399475
34 1474 -88 35.662629267716255 139.74948119893293
33 1930 -88 35.662618320939856 139.7494808193309
32 2369 -88 35.662610138896454 139.74948053791925
32 2850 -88 35.66260373500779 139.74948031893106
31 3215 -88 35.662593320977294 139.74947996261128
31 3506 -88 35.66258651707544 139.7494797311384
31 3715 -88 35.66257861158975 139.74947946119917
31 3840 -88 35.6625715280244 139.7494792196036
31 3904 -88 35.662561831375996 139.74947888825318
31 3950 -88 35.66255442640832 139.7494786355226
31 4028 -88 35.66254409353546 139.7494782832519
29 4145 -88 35.66253750267448 139.7494780585275
25 4744 -88 35.66252615912886 139.74947767183957
25 5648 -88 35.662521184421095 139.74947750177787
24 6780 -88 35.66251615529522 139.74947732969162
24 8000 -88 35.66251015552339 139.74947712521265
25 8000 -88 35.66250165527188 139.74947683435315
26 8000 -88 35.662496388700646 139.74947665416872
27 8000 -88 35.66248969695026 139.7494764247204
28 8000 -88 35.662483702796436 139.7494762195666
30 7890 -88 35.66247554707434 139.74947593984206
31 6713 -88 35.66246616931396 139.7494756172647
33 5543 -88 35.66245856170961 139.74947535576106
34 4441 -88 35.66245085345891 139.7494750905458
35 3466 -88 35.66244290313698 139.74947481689492
35 2761 -88 35.66243097067901 139.7494744065873
35 2268 -88 35.6624232086246 139.74947413934746
35 1946 -88 35.662411237132204 139.74947372870244
35 1777 -88 35.66240370405599 139.7494734702356
35 1720 -88 35.66239547516312 139.74947318781173
36 1732 -88 35.66238315176628 139.749472764682
38 1573 -88 35.662371785478896 139.74947237394497
38 1327 -88 35.662365562027546 139.74947216001814
38 1067 -88 35.6623531888344 139.74947173553872
38 838 -88 35.66234386115978 139.7494714149859
37 668 -88 35.662332511178505 139.74947102559858
36 726 -88 35.66232345915516 139.7494707144936
35 886 -88 35.66231623626682 139.74947046648697
34 1234 -88 35.66230837129366 139.74947018709986
33 1631 -88 35.66229697597042 139.74946977443028
32 2061 -88 35.662286943768194 139.7494693924663
32 2588 -88 35.66228058303162 139.749469149521
31 3018 -88 35.66226996939774 139.74946873077778
31 3390 -88 35.66226222710044 139.74946840685072
31 3615 -87 35.66225484050703 139.749468056942
31 3838 -87 35.66224791872773 139.749467728291
31 3946 -87 35.66223801985721 139.74946724273784
31 4049 -87 35.66223114146011 139.74946690362668
31 4086 -87 35.66221977933182 139.74946632022053
31 4117 -87 35.66221340310062 139.74946595242835
27 4394 -87 35.66220388535777 139.74946539297932
25 5084 -87 35.66219734833844 139.74946499886806
24 6237 -87 35.66219240205288 139.7494646988981
24 7230 -87 35.66218508508615 139.74946420490932
25 8000 -87 35.662177484582884 139.74946370518435
25 8000 -87 35.66217241232579 139.74946336809774
27 8000 -86 35.66216594109906 139.74946292303545
28 8000 -86 35.662157412676635 139.74946233051887
29 8000 -86 35.66215097612823 139.7494618827572
31 6755 -86 35.66214066527198 139.74946114109918
33 5655 -86 35.66213238892462 139.74946054048442
34 4800 -86 35.66212450570265 139.74945995471631
34 3838 -86 35.66211691588528 139.74945937502184
35 3097 -86 35.662109991078424 139.74945882468324
35 2468 -86 35.66209709967414 139.74945781308602
35 2142 -86 35.662089970420666 139.74945722529338
35 1944 -86 35.66208167474075 139.74945654369685
35 1889 -86 35.662069857644596 139.74945554255976
35 1887 -86 35.66206206241756 139.74945486737428
36 1869 -85 35.66205437349018 139.7494541763299
38 1679 -85 35.66204164183601 139.74945299163414
38 1421 -85 35.66203297913688 139.7494521595465
38 1160 -85 35.66202001753854 139.74945086113885
37 941 -85 35.662011566272895 139.7494499784376
36 818 -85 35.66200266766701 139.74944898506126
35 901 -84 35.661990462229866 139.74944759150006
35 1170 -84 35.661983216180204 139.74944673073136
34 1498 -84 35.661975591190085 139.74944582913437
33 1885 -84 35.66196409154061 139.7494443647141
32 2289 -84 35.66195653433154 139.7494434195894
32 2695 -84 35.66194938820544 139.7494424980844
32 3014 -84 35.66194214098694 139.749441531702
31 3347 -83 35.66193032037478 139.74943987258806
31 3593 -83 35.66192359129289 139.7494389153161
31 3789 -83 35.66191480295295 139.7494376260189
31 3888 -83 35.661908034666666 139.74943662083274
31 3942 -83 35.66190065804686 139.74943553027828
31 4023 -83 35.66189021796633 139.74943391469205
30 4108 -83 35.66188296861782 139.74943283628485
27 4538 -83 35.661876646709445 139.74943186315397
25 5435 -82 35.661867659059126 139.7494304591326
24 6301 -82 35.66186060860255 139.74942933517318
24 7752 -82 35.66185451800439 139.74942836136745
24 8000 -82 35.661850881505984 139.74942777155024
26 8000 -82 35.66184029838243 139.7494260645221
27 8000 -82 35.661833924999485 139.7494250306549
28 8000 -82 35.661828336432094 139.74942411724805
30 7578 -82 35.66182090943029 139.7494229082578
31 6502 -82 35.66181461876984 139.74942187911452
33 5299 -82 35.66180466755192 139.74942024631966
34 4380 -82 35.66179643078411 139.74941889223703
35 3420 -82 35.661789620474664 139.74941776861505
35 2895 -82 35.661776608188035 139.74941562327308
35 2380 -82 35.66176865008855 139.7494143103562
35 2113 -82 35.661757301122094 139.7494124352909
35 1999 -82 35.661749607093626 139.74941116758885
35 1945 -82 35.66174211559121 139.74940992654328
35 1962 -82 35.66173336883324 139.74940846347272
37 1870 -82 35.66172348223557 139.74940684181286
38 1642 -82 35.66171081851738 139.7494047497839
38 1368 -82 35.661704454924845 139.74940369263442
37 1111 -82 35.661692845165916 139.7494017777531
37 896 -82 35.66168659664565 139.74940074557298
36 836 -82 35.66167456784865 139.74939875882032
35 982 -82 35.66166391157273 139.74939699949147
35 1239 -82 35.661656921890554 139.74939584583873
33 1523 -82 35.66164602134617 139.74939404703125
33 1910 -82 35.661637799503055 139.74939269024924
32 2255 -82 35.661630497289536 139.74939148193383
32 2615 -82 35.66162256110738 139.74939014371014
31 3026 -82 35.66161396326737 139.74938870054757
31 3369 -81 35.66160473529642 139.7493870545932
31 3632 -81 35.66159862507712 139.74938589183
31 3828 -80 35.6615919295505 139.74938440615202
31 3961 -80 35.66158432138309 139.74938271059628
31 4065 -80 35.66157447986441 139.7493805659292
31 4105 -80 35.6615677931085 139.74937906338002
29 4168 -79 35.66156074694331 139.7493774778245
27 4603 -79 35.661551047978975 139.74937527309595
25 5564 -79 35.66154518352975 139.74937391833848
24 6662 -79 35.661539242592696 139.74937252342755
24 7917 -79 35.661531998489664 139.74937079412942
25 8000 -79 35.66152655499431 139.74936948391195
26 8000 -79 35.66152026794313 139.7493679820376
27 8000 -79 35.66151205979453 139.74936602227888
29 8000 -79 35.6615044587474 139.7493641796063
30 7670 -78 35.661498356607794 139.74936270000194
31 6359 -78 35.66149113566665 139.74936094303504
33 5458 -78 35.661480057862434 139.7493582392563
34 4480 -78 35.66147467659532 139.74935692903884
35 3468 -78 35.66146323513037 139.74935413719246
35 2721 -78 35.66145477941943 139.74935207451938
35 2287 -78 35.66144403840214 139.7493494523973
35 2009 -78 35.66143633303486 139.7493475719332
35 1893 -78 35.66142788965777 139.74934551128467
35 1866 -78 35.66141588604356 139.74934258379383
36 1861 -78 35.66140750421076 139.74934053866681
37 1717 -78 35.66140034823469 139.7493387938472
38 1441 -78 35.66138797410379 139.7493357759267
38 1178 -78 35.66137977238408 139.7493337770268
37 978 -78 35.66136782372949 139.74933086606973
37 795 -78 35.66135756369532 139.7493283671074
36 826 -78 35.6613498388551 139.74932648563103
35 1008 -78 35.66134143933277 139.74932444050404
34 1296 -78 35.66133070734716 139.74932182782982
33 1724 -78 35.661322220506236 139.74931976279478
33 2132 -78 35.66131681345844 139.74931844785334
32 2554 -78 35.66130516745541 139.74931561450381
32 2948 -78 35.66129760161678 139.74931377351834
31 3298 -78 35.66128716077202 139.74931123305285
31 3562 -78 35.66128197729077 139.74930997209927
31 3748 -78 35.661274074657285 139.7493080484449
31 3860 -78 35.66126724134328 139.74930638561932
31 3920 -78 35.66125722981279 139.749303948743
31 3954 -78 35.661249654922685 139.74930210539557
31 3976 -78 35.661241669492796 139.7493001621706
28 4233 -78 35.66123268931011 139.7492979783623
26 4742 -78 35.66122722797465 139.7492966492491
24 5804 -78 35.66121893042309 139.74929463010372
24 6953 -78 35.66121367935949 139.7492933519415
24 8000 -78 35.661208815806205 139.74929216893287
25 8000 -78 35.66120045958469 139.7492901356157
26 8000 -78 35.66119478674044 139.74928875521402
27 8000 -78 35.661189554043304 139.74928748211317
29 8000 -78 35.66118123606367 139.74928545689417
30 7549 -78 35.66117548631904 139.74928405759675
32 6409 -78 35.66116489755443 139.74928148001462
33 5143 -78 35.66115863103603 139.7492799545206
34 4177 -78 35.66114738047122 139.7492772159872
35 3319 -78 35.66114006148972 139.74927543438838
35 2707 -78 35.66113149443966 139.74927334877046
35 2296 -78 35.66112282074431 139.74927123717092
35 2034 -78 35.66111051867185 139.74926824287013
35 1884 -78 35.66110363860126 139.74926656857212
35 1857 -78 35.661095110887814 139.74926449341436
35 1871 -78 35.66108726265465 139.74926258359437
37 1772 -78 35.66107645359868 139.74925995269928
38 1554 -78 35.661068518320974 139.74925802229643
38 1340 -78 35.66105936046942 139.749255794623
37 1064 -78 35.661046814393416 139.74925274161043
37 895 -78 35.6610396422102 139.74925099611596
36 842 -78 35.66102749460866 139.7492480402815
35 982 -78 35.66101946954183 139.7492460879461
34 1245 -78 35.661011930405806 139.74924425337167
33 1645 -78 35.66100067433733 139.74924151483827
33 2041 -78 35.660993491320994 139.74923976698182
32 2529 -78 35.660981665016834 139.74923688942974
32 2921 -78 35.66097522631752 139.74923532277
31 3264 -78 35.66096600197376 139.74923307755054
31 3545 -78 35.66095614886454 139.74923068082768
31 3709 -78 35.6609507911391 139.7492293773587
31 3848 -78 35.66094430254185 139.74922779821424
31 3918 -78 35.66093393580867 139.74922527563223
31 3952 -78 35.66092630523531 139.74922341878784
31 4034 -78 35.6609202473269 139.74922194424485
28 4204 -78 35.66090981534268 139.74921940479163
26 4875 -78 35.660903836525506 139.74921795015666
24 5802 -78 35.6608962370654 139.74921610141044
24 7165 -78 35.66089026016628 139.74921464643802
24 8000 -78 35.66088291785836 139.7492128594404
25 8000 -78 35.66087763401164 139.74921156811865
26 8000 -78 35.66087134828017 139.74921003148964
28 8000 -78 35.66086609582294 139.74920874759124
29 8000 -78 35.66085661582082 139.74920641734093
30 7193 -78 35.66085015161539 139.74920482267498
32 5913 -78 35.660839056999066 139.7492020730066
33 4910 -78 35.660832700944766 139.74920048542657
34 4029 -78 35.66082542305706 139.74919864579078
35 3147 -78 35.660813848947015 139.7491956899563
35 2688 -78 35.66080604825143 139.74919367890914
35 2310 -78 35.660798469206256 139.74919171273933
35 2083 -78 35.6607858785397 139.7491884353398
35 1969 -78 35.66077894731194 139.74918660920096
35 1960 -77 35.66077036487064 139.74918433226364
35 1963 -77 35.660761574347646 139.74918197738137
37 1820 -77 35.66075373225006 139.74917987354257
38 1570 -77 35.66074015106767 139.74917619157162
38 1346 -77 35.660733080978275 139.7491742642056
37 1059 -77 35.660724416972 139.74917189312697
37 904 -77 35.66071602834994 139.74916959122027
36 887 -77 35.66070332540535 139.74916609213315
35 1020 -77 35.66069548097181 139.74916393194454
34 1329 -77 35.660687940708556 139.74916185071314
33 1615 -77 35.66067661400038 139.74915873730168
33 2012 -77 35.66066971593547 139.74915686223636
32 2430 -77 35.66066237100284 139.74915487143463
32 2830 -77 35.66065551159211 139.74915300615461
31 3195 -77 35.6606434723591 139.7491498110865
31 3494 -77 35.66063661842978 139.74914798967163
31 3699 -77 35.66062992158878 139.74914620199917
31 3843 -77 35.66062324818719 139.74914444503224
31 3938 -77 35.66061619481073 139.74914259662344
31 4026 -78 35.660605320716996 139.74913978756845
31 4059 -78 35.6605990574445 139.7491381831172
28 4263 -78 35.66058963210399 139.74913580866433
25 4885 -78 35.66058134051751 139.7491337530772
24 6000 -78 35.66057597399403 139.7491324290253
24 6988 -78 35.66057199933955 139.74913144813368
24 8000 -78 35.66056238812081 139.7491290946011
25 8000 -78 35.66055828420299 139.74912809413885
26 8000 -78 35.660549793167675 139.74912601999338
28 8000 -78 35.66054391288121 139.74912459268975
29 8000 -78 35.66053771978682 139.74912308845344
30 7569 -78 35.6605318713011 139.74912166384922
32 6245 -78 35.66052144173352 139.74911913856783
33 5132 -78 35.6605133131234 139.74911716969865
34 4187 -78 35.660506556918136 139.7491155345418
35 3221 -78 35.66049497398902 139.74911273459725
35 2718 -78 35.66048731335404 139.7491108841639
35 2341 -78 35.66047495566784 139.74910790167294
35 2062 -78 35.660468006456114 139.7491062240007
35 1909 -78 35.66045959793105 139.74910419507003
35 1864 -78 35.66045282691698 139.7491025612629
36 1881 -78 35.66044142053423 139.74909981058227
37 1754 -78 35.66043225918385 139.7490976007923
38 1476 -78 35.66042482965335 139.74909580907075
38 1206 -78 35.66041673256093 139.7490938533611
37 1001 -78 35.660402275952265 139.74909035089973
37 809 -78 35.660396466660444 139.74908893000716
36 811 -78 35.66038798246173 139.74908684877576
35 943 -78 35.66037632439759 139.74908397965928
34 1223 -78 35.66036756604413 139.74908179618842
33 1576 -78 35.66036071277648 139.74908004934426
33 1913 -78 35.66034995036519 139.7490773479275
32 2373 -78 35.66034272068438 139.74907549850641
32 2749 -78 35.66033587865485 139.74907374322666
31 3281 -78 35.66032507319824 139.74907090211636
31 3562 -78 35.66031734510537 139.7490688870201
31 3832 -78 35.66030702325186 139.74906616569533
31 3962 -77 35.660300344888526 139.74906440501675
31 4088 -77 35.66029258553985 139.74906235179157
31 4140 -77 35.660283404707556 139.7490599125533
31 4172 -77 35.66027584685965 139.74905790454292
28 4425 -77 35.66026877316516 139.749056021042
25 5144 -77 35.66026174306033 139.74905414698898
24 6104 -77 35.66025371531208 139.74905200468385
24 7293 -77 35.660251097973216 139.7490513058787
24 8000 -77 35.66024208903009 139.7490489044319
25 8000 -77 35.66023595896753 139.74904726927508
27 8000 -77 35.660229582440834 139.74904556258437
28 8000 -77 35.66022139458394 139.74904337135277
29 8000 -77 35.660215952644165 139.7490419140184
30 6997 -77 35.66020950977081 139.74904017594724
32 6087 -77 35.66019931730365 139.7490374266163
33 4870 -77 35.660191437043565 139.74903527452585
34 3930 -77 35.66018484091656 139.74903346694535
35 3173 -77 35.66017315348837 139.74903027761349
35 2525 -77 35.66016652199407 139.7490284575483
35 2219 -77 35.660153891749786 139.74902498680476
35 1985 -77 35.66014626946358 139.7490228846531
35 1904 -77 35.66013452994058 139.74901964099595
35 1902 -77 35.660128016877366 139.7490178371271
36 1893 -77 35.66011992989853 139.7490155929199
37 1733 -77 35.66010950301869 139.74901269478497
38 1172 -77 35.660099618687354 139.7490099451166
38 393 -77 35.66009188536373 139.74900779505072
37 0 -77 35.6600841081748 139.7490056321627
36 0 -77 35.660070981425264 139.74900207132697
35 0 -77 35.660063791471444 139.7490000798504
34 0 -76 35.66005426188936 139.74899729542733
32 0 -75 35.66004726959888 139.74899512207918
31 0 -74 35.66003730465863 139.74899139523083
29 8 -72 35.66002896024021 139.74898786780008
28 469 -71 35.660021913116765 139.74898462684232
27 1049 -70 35.66001645827818 139.74898198953613
26 1569 -70 35.66001131049151 139.7489794497455
26 2092 -68 35.66000391190124 139.74897562268222
26 2555 -68 35.6599976537905 139.74897231896358
25 2973 -67 35.65998961121139 139.74896800297287
25 3233 -67 35.65998504819336 139.74896548376512
25 3359 -66 35.659976269509585 139.74896063498187
24 3428 -66 35.659971262361324 139.74895783672446
21 3869 -66 35.659965054692364 139.7489543403367
19 4669 -65 35.65996115814134 139.74895209241785
19 5630 -65 35.65995760592763 139.7489499963398
19 6920 -65 35.65995106625704 139.74894609065672
19 7837 -64 35.65994794419059 139.7489441322477
21 8000 -64 35.65994188154731 139.74894029708622
22 7966 -63 35.659937373631536 139.7489373881537
23 7251 -63 35.6599325202813 139.7489341762144
25 6343 -62 35.65992878136734 139.74893157872427
26 5340 -61 35.65992050931426 139.74892575714756
27 4360 -61 35.65991566692918 139.74892229382738
28 3355 -59 35.65990751166444 139.74891595464223
29 2722 -58 35.65990274713833 139.74891207595306
29 2173 -57 35.6598966219845 139.74890678784374
28 1917 -55 35.65989172476711 139.74890223160713
28 1847 -53 35.659885028000716 139.74889534849444
26 1936 -50 35.6598776452997 139.74888696485712
25 2174 -49 35.6598736486781 139.74888224969382
25 2632 -47 35.65987007535058 139.74887753385565
24 3121 -46 35.65986670023648 139.7488728632323
23 3697 -44 35.65986074560389 139.74886412799913
23 4192 -43 35.65985816306973 139.74886020679455
22 4760 -42 35.65985369243421 139.74885343132013
23 5055 -41 35.65984934873194 139.74884688461918
23 5261 -40 35.659846781550044 139.74884286184997
23 5323 -39 35.65984402684644 139.74883848681006
24 5152 -38 35.659838811058364 139.74882970973633
24 4890 -37 35.65983581838843 139.74882459641267
25 4617 -35 35.65983100067211 139.74881528823352
26 4259 -34 35.65982830134715 139.74880962558353
26 3868 -33 35.65982558804025 139.74880382391484
26 3563 -31 35.659822814145116 139.74879771687742
26 3314 -29 35.659818623419355 139.7487876181138
26 3134 -28 35.65981582951069 139.74878038711694
26 3045 -26 35.65981363791943 139.74877412891354
26 3033 -24 35.659810742847554 139.7487642656719
25 3078 -22 35.6598084369337 139.74875558510143
25 3189 -20 35.65980686794724 139.7487483686138
24 3377 -16 35.659805274560966 139.74873923994423
24 3656 -15 35.659804286782105 139.7487319259411
24 3863 -12 35.659803547113086 139.7487243743914
24 4139 -10 35.65980307337399 139.74871745854858
24 4791 -8 35.6598023457678 139.74870702371064
24 5903 -7 35.65980202692603 139.74869926734456
24 7062 -6 35.65980190986201 139.74869422487996
25 8000 -4 35.65980186215914 139.74868756278
26 8000 -3 35.6598016993113 139.74867626042487
26 8000 -2 35.659801750029914 139.7486677340572
26 8000 -1 35.65980174454684 139.74866065085206
26 8000 -1 35.65980181089223 139.7486528705289
26 8000 0 35.65980189560598 139.74864233885023
26 8000 0 35.659802048310084 139.74863350238988
27 7997 0 35.65980215303712 139.74862724958527
31 7381 0 35.6598022980649 139.74861796941232
32 6407 1 35.65980256783298 139.74860634245528
34 5270 1 35.65980280223512 139.74859450966957
35 3967 1 35.65980296206726 139.74858709140238
37 2771 1 35.65980322772302 139.7485743910995
38 1958 1 35.659803504619134 139.74856054355496
38 1470 1 35.659803677884796 139.74855063678558
38 1107 1 35.659803844844944 139.74853984798983
37 872 0 35.659804080617846 139.7485209896985
36 819 0 35.65980415902605 139.74851346952926
36 909 0 35.659804272251904 139.74850124027034
35 1125 0 35.659804363545376 139.7484916358329
34 1398 0 35.659804445243424 139.74848230133466
33 1790 0 35.65980458286903 139.74846737032158
33 2180 0 35.65980465524582 139.74845833916754
33 2525 0 35.65980474708759 139.7484479272744
33 2798 0 35.659804833172146 139.74843745464497
33 2963 0 35.65980493323855 139.7484248724405
33 3037 0 35.659805002325484 139.74841619861851
29 3310 0 35.65980507442815 139.7484070537526
27 4029 0 35.659805125420874 139.74839950726428
24 4894 0 35.659805215343596 139.74838660416958
23 6270 0 35.65980524796797 139.7483813025633
23 7950 0 35.65980527812496 139.74837446635257
24 8000 0 35.659805308281975 139.74836688004822
25 8000 0 35.65980528717206 139.7483590427004
26 8000 0 35.65980526551387 139.74834896958097
27 8000 0 35.6598052616757 139.7483432522683
29 8000 0 35.659805233163624 139.74833145221274
31 7280 0 35.659805174220395 139.74832050887676
32 6111 0 35.659805120760254 139.7483119291961
33 5136 0 35.65980502316124 139.74830120653542
34 4125 0 35.65980483591366 139.74828834021994
35 3281 0 35.6598046390707 139.74827629519453
35 2694 -1 35.65980451268544 139.74826876051605
35 2311 -1 35.65980430158643 139.74825745276215
34 2117 -1 35.659803997823175 139.74824202202404
34 2057 -1 35.65980383333046 139.74823469013742
36 2025 -1 35.65980354272662 139.74822361959258
38 1804 -1 35.659803173988706 139.7482103740125
38 1545 -2 35.65980280141267 139.7481988934975
38 1209 -2 35.659802449398214 139.74818851163508
38 903 -2 35.65980199896225 139.74817598038166
37 674 -2 35.659801514531125 139.74816327974136
36 657 -2 35.659801024342755 139.74815100256822
36 818 -2 35.65980055882828 139.7481393337706
34 1116 -2 35.659799991876625 139.74812625049145
33 1432 -3 35.65979942903731 139.74811350328665
33 1792 -3 35.659799104986604 139.7481064561859
32 2350 -3 35.659798695673814 139.74809745708717
31 2749 -3 35.65979795764967 139.74808161975312
31 3259 -3 35.65979775504944 139.74807746471367
31 3609 -3 35.65979716671369 139.74806652778878
31 3895 -3 35.65979657015332 139.74805549267347
31 4076 -3 35.659796087641254 139.7480466352928
31 4177 -3 35.659795582648485 139.74803709665306
31 4224 -3 35.65979476758689 139.74802277604002
30 4268 -3 35.659794297411764 139.74801450881398
27 4694 -3 35.659793793789774 139.74800559542095
25 5458 -3 35.65979337734893 139.74799834519092
24 5751 -3 35.6597929562475 139.74799090465376
24 5784 -3 35.65979255872331 139.7479838784733
24 5789 -3 35.659791998351295 139.74797415290064
25 5379 -4 35.65979171926192 139.74796932267571
26 4535 -4 35.659791085964784 139.74795944931134
26 3934 -4 35.65979049598407 139.7479498040456
26 3586 -4 35.659790113538406 139.74794344124075
27 3274 -4 35.65978955947193 139.74793510956673
27 3049 -4 35.65978891301535 139.74792559623378
27 2867 -5 35.65978805326647 139.74791448789745
26 2793 -5 35.65978723738233 139.7479049799633
26 2807 -5 35.659786520468 139.74789718310635
25 2904 -6 35.65978581123001 139.7478907089516
25 3049 -6 35.6597848977468 139.74788305145077
24 3292 -7 35.65978390393627 139.74787486993043
24 3576 -8 35.659782520552 139.7478649176088
24 3872 -8 35.65978174661345 139.74785963692284
24 4139 -9 35.65978044574969 139.74785109368395
24 4374 -9 35.65977957613116 139.7478458075992
24 4531 -10 35.659778423585024 139.74783900141918
24 4598 -11 35.6597763252053 139.74782714400152
24 4585 -11 35.65977575989844 139.74782408289076
24 4517 -11 35.65977437870724 139.74781629075775
25 4369 -11 35.65977311896654 139.74780937019102
25 4212 -12 35.659770755204974 139.7477970332938
25 3954 -12 35.65976951438091 139.74779069073443
26 3750 -13 35.659767925654535 139.74778319924624
26 3571 -14 35.65976580424555 139.7477743840436
26 3435 -15 35.659764495431034 139.74776919277497
26 3345 -16 35.65976128617609 139.74775676004936
25 3319 -17 35.65975918450607 139.7477494828254
25 3326 -17 35.65975776054648 139.74774475214056
25 3379 -18 35.65975560678699 139.74773795270906
25 3476 -19 35.659752588343366 139.74772848762774
25 3595 -20 35.65975057632171 139.74772242580514
24 3706 -22 35.65974690977609 139.74771269044717
24 3862 -23 35.65974564400358 139.74770963574747
24 3977 -24 35.659742696017375 139.74770260619277
24 4097 -26 35.65973844058689 139.74769316776795
24 4152 -27 35.659735068757115 139.74768648508513
24 4177 -28 35.65973184469662 139.74768014522513
25 4173 -30 35.65972760735977 139.74767245769357
25 4146 -31 35.65972489103375 139.74766783970836
25 4085 -33 35.659721654910044 139.74766242945157
25 3957 -35 35.659715384714374 139.7476525705964
25 3854 -36 35.65971291320821 139.74764891123286
25 3765 -37 35.65970720091708 139.74764069597012
25 3692 -39 35.65970365527177 139.7476359963283
25 3639 -40 35.65969938010005 139.74763052196093
25 3613 -42 35.659692944038895 139.747622871546
25 3609 -44 35.6596889262981 139.74761855150624
25 3632 -46 35.659683847303214 139.74761317161756
25 3661 -47 35.65967838558767 139.74760792264945
25 3709 -48 35.659673746610906 139.74760350711864
25 3765 -51 35.659668983989974 139.7475990946247
25 3810 -51 35.65966224580751 139.7475933870973
25 3870 -52 35.65965753554947 139.74758944024848
25 3906 -54 35.65965057146224 139.74758399827383
25 3935 -55 35.65964673767738 139.74758110250085
25 4439 -56 35.65964229060738 139.74757785681913
25 5226 -57 35.65963512830464 139.74757271683896
25 6232 -58 35.65962928825164 139.74756867483657
25 7456 -59 35.65962388465323 139.7475650374056
26 8000 -59 35.6596201953469 139.7475625600384
27 8000 -60 35.659610886955136 139.74755636257134
27 8000 -60 35.65960541262342 139.74755272952686
27 8000 -61 35.659600776932294 139.7475497551341
27 7707 -61 35.65959216955332 139.74754426423294
27 7522 -61 35.65958719308637 139.74754107895012
28 7435 -62 35.65958070520081 139.74753709869634
30 6999 -63 35.65957367805116 139.74753297672444
33 6240 -64 35.659565396914175 139.74752832196003
34 5202 -64 35.65955727725385 139.74752383388306
35 3802 -65 35.659550614454716 139.74752026427433
37 2710 -66 35.65953764662761 139.74751347530295
37 2051 -66 35.65953250072917 139.74751084474525
38 1462 -66 35.65952434131299 139.7475066502272
37 1106 -67 35.65951236071581 139.74750057861928
37 939 -67 35.65950630571582 139.74749754753927
36 923 -67 35.65949594976219 139.74749237111732
35 1034 -67 35.65948781693534 139.74748834767325
35 1261 -67 35.659480289991706 139.7474846194752
33 1579 -68 35.65947093908949 139.74747999406665
33 1899 -68 35.65946162601968 139.74747540543734
33 2221 -68 35.659454896318536 139.74747208923404
33 2521 -68 35.659448421307545 139.7474688961905
33 2768 -68 35.659438402832166 139.74746395596534
32 2932 -68 35.659431808562076 139.74746068970077
32 3080 -68 35.65942471560189 139.74745718386515
29 3241 -68 35.659415156882986 139.74745245891654
27 3720 -68 35.65940939193261 139.74744960802096
25 4539 -68 35.659404151990415 139.747447018629
23 5363 -68 35.659396527713525 139.74744324825295
23 6601 -68 35.65939168721577 139.7474408532172
23 7711 -68 35.65938686508615 139.74743846492996
24 8000 -68 35.65938196756336 139.7474360371641
25 8000 -68 35.659376990260824 139.74743357025707
26 8000 -68 35.65936866304523 139.7474294455858
28 8000 -68 35.65936265984985 139.74742647051815
29 8000 -68 35.65935495907945 139.74742265290274
31 7256 -68 35.659348130124826 139.7474192648281
32 6012 -68 35.6593412992505 139.74741587607863
34 5084 -68 35.65933041525062 139.74741047628194
34 4209 -68 35.65932461821782 139.74740759974213
34 3224 -68 35.65931565769587 139.74740315384318
34 2678 -68 35.65930786425612 139.74739928561416
34 2346 -68 35.6592963000699 139.7473935443444
34 2169 -68 35.65929134085637 139.7473910824987
34 2150 -68 35.6592834045788 139.74738714239837
36 2043 -68 35.65927584526543 139.7473833885561
38 1746 -68 35.659263367037084 139.747377193451
38 1446 -68 35.6592550502276 139.7473730657429
38 1089 -68 35.659248768754864 139.74736994659523
38 721 -68 35.65923699291126 139.74736410038656
37 574 -68 35.659227756029665 139.74735951344437
36 655 -68 35.65922146386271 139.74735638923534
35 885 -68 35.65920861304703 139.7473500098967
34 1156 -68 35.659202064267944 139.74734675949108
33 1557 -68 35.65919356513788 139.7473425403411
32 2094 -68 35.65918698537786 139.74733927340168
32 2494 -68 35.65917556017156 139.74733360197865
31 2884 -68 35.659170911570115 139.7473312933235
31 3232 -68 35.659164176361344 139.74732795046367
31 3590 -68 35.659157189201906 139.74732448241954
31 3814 -68 35.659149414389375 139.74732062296354
31 3977 -68 35.659140719779884 139.747316306298
31 4156 -68 35.65913355935125 139.74731275221075
31 4214 -68 35.65912738067783 139.74730968502635
29 4252 -68 35.6591178863502 139.74730497121274
27 4670 -68 35.65911230396689 139.74730219927437
25 5417 -68 35.65910722658025 139.7472996773672
24 6453 -67 35.65910042748753 139.74729627647048
24 7670 -67 35.65909358123925 139.74729285836509
25 8000 -67 35.659088039155264 139.74729008811386
25 8000 -67 35.6590843906736 139.74728825691366
27 8000 -67 35.65907852947021 139.74728531727555
28 8000 -67 35.65906948831845 139.74728074180578
30 8000 -67 35.65906027006015 139.74727609885122
31 6911 -67 35.659052569534765 139.74727218372024
33 5677 -67 35.659046215394454 139.7472689356766
34 4535 -67 35.659037010567204 139.747264261679
35 3531 -67 35.659029275221584 139.7472602773761
35 2912 -67 35.659019939071044 139.74725545052544
35 2360 -67 35.6590139015798 139.74725232226731
35 2061 -67 35.65900501394883 139.7472477279018
35 1852 -67 35.65899616031234 139.74724314467124
35 1767 -67 35.658987114490586 139.7472384585264
35 1750 -67 35.658978399027475 139.74723397449853
37 1708 -67 35.658970167999556 139.74722976985777
38 1548 -67 35.65896234025641 139.74722597518718
38 1337 -67 35.65895421368087 139.7472219223872
38 1098 -68 35.658945623778294 139.74721782167305
37 930 -68 35.65893499222358 139.74721288583441
36 773 -69 35.658924715427375 139.74720830125418
36 826 -70 35.65891688000336 139.74720493106304
35 1008 -70 35.65890911202136 139.7472017636637
34 1340 -71 35.65890174759866 139.74719883043664
33 1666 -71 35.65889389051395 139.74719581487815
32 2101 -73 35.658881952590804 139.74719158189376
32 2575 -73 35.65887716881248 139.74718999768797
31 3027 -73 35.658868822627895 139.747187197406
31 3341 -74 35.65886030509378 139.74718437957796
31 3612 -74 35.658851627176446 139.7471815337437
31 3812 -74 35.65884390881068 139.7471789534622
31 3971 -74 35.658839454293684 139.74717746103573
31 4110 -74 35.658829153359264 139.74717405204083
31 4158 -74 35.658822250885336 139.7471717653182
31 4190 -74 35.65881548110323 139.747169543381
27 4488 -75 35.65880544088999 139.74716638205533
25 4950 -75 35.65879926356196 139.74716443849294
24 5895 -75 35.6587937650487 139.74716275474705
24 6849 -75 35.65878829422502 139.74716109799508
24 8000 -75 35.658782791324526 139.74715945440266
25 8000 -76 35.65877449475268 139.74715709749586
26 8000 -76 35.658768025992146 139.7471552527987
27 8000 -76 35.65876276023701 139.74715375935997
28 8000 -76 35.658756703809374 139.74715207325212
30 7416 -77 35.65874665152579 139.74714934011752
32 6491 -77 35.65873992807005 139.74714755851866
33 5404 -77 35.65873175925147 139.74714547256335
34 4418 -78 35.65872417000266 139.74714357117898
35 3517 -78 35.6587128286226 139.7471408721242
35 2847 -78 35.658706429219166 139.74713939960574
35 2454 -79 35.65869885504665 139.74713768582913
35 2147 -79 35.658687753551604 139.74713533128428
35 2004 -80 35.65867944326193 139.74713369545262
35 1939 -80 35.65867088156813 139.74713207649214
35 1934 -81 35.65866163338056 139.74713046529243
37 1794 -81 35.658650169716935 139.7471285942762
38 1299 -82 35.65864401924442 139.74712771292465
38 497 -83 35.658630813848774 139.74712596810502
37 0 -83 35.658623669001486 139.747125057735
37 0 -83 35.65861387303946 139.74712385650548
35 0 -84 35.65860235755298 139.74712248015288
34 0 -84 35.65859211991868 139.74712130524242
33 0 -84 35.65858546773117 139.74712055953532
31 0 -84 35.658575619948465 139.74711944772318
30 0 -84 35.65856894856847 139.74711870471546
28 366 -84 35.65855945143289 139.7471176519525
28 861 -84 35.6585550363789 139.74711716268766
27 1372 -84 35.65854673539687 139.74711624253234
26 1879 -84 35.65853969691568 139.7471154593712
26 2368 -84 35.65853425869953 139.7471148540325
26 2771 -84 35.65852760513643 139.74711411338677
26 3020 -84 35.65851976172283 139.7471132347346
25 3175 -84 35.65851433721326 139.74711262838363
25 3333 -84 35.65850864786573 139.74711198525344
23 3477 -84 35.658501238444046 139.7471109594844
21 3944 -83 35.65849549673119 139.74710985475815
19 4953 -80 35.6584894786656 139.74710791423257
18 6043 -77 35.65848581425534 139.74710607155998
18 7067 -73 35.65848154477577 139.74710319738213
19 8000 -68 35.658477687082964 139.7470995143989
20 8000 -59 35.658473251188354 139.747093591595
21 8000 -54 35.65846991193011 139.74708770185865
23 7967 -48 35.658466738537996 139.74708156580274
24 7161 -40 35.65846397748112 139.74707463916238
25 6253 -33 35.65846162300221 139.74706567279375
26 5271 -27 35.65846049291808 139.74705887336225
28 4314 -18 35.658459505945075 139.7470509708916
29 3442 -13 35.658458652761695 139.74703710276415
29 2676 -10 35.65845862644241 139.7470305078116
29 2095 -5 35.65845904590597 139.74702216466517
29 1727 0 35.65846015268656 139.74701196467433
29 1579 3 35.65846128688304 139.7470044880328
29 1522 5 35.65846348975195 139.74698952260243
29 1559 6 35.658464088789714 139.746985620631
31 1493 9 35.658466233810984 139.74697390594372
32 1245 10 35.65846774525039 139.74696596331958
32 1043 11 35.65846986724215 139.7469549241552
31 857 12 35.65847207394904 139.74694352900846
31 698 13 35.658474307249335 139.74693268791196
30 693 14 35.65847684651111 139.74692215859528
29 1376 14 35.658477841160376 139.7469181395377
28 2135 16 35.65848092216045 139.7469068095138
28 3265 17 35.65848275080164 139.7469006744702
28 4636 18 35.65848593790109 139.7468903290496
28 6083 19 35.65848817120096 139.74688339363618
28 6342 20 35.658492086740836 139.74687174575885
29 6436 21 35.65849424629174 139.746865798323
30 6274 22 35.658498143462666 139.74685516879137
30 5942 22 35.65850102295505 139.74684720963347
30 5511 23 35.658503449810794 139.74684057317776
30 5189 23 35.65850665089151 139.746831893957
30 4880 24 35.658509753000686 139.74682363179232
30 4725 24 35.658513105416944 139.74681464484084
29 4781 24 35.65851585057088 139.7468073888746
26 5105 24 35.65852052525557 139.74679501756017
25 5810 24 35.6585225466296 139.74678970920542
25 6646 24 35.658524514268464 139.74678455404117
25 7396 24 35.65852797881507 139.74677548205884
26 8000 24 35.65853022445093 139.74676960143293
27 8000 25 35.65853467624355 139.7467579535556
29 8000 25 35.65853824058358 139.74674862310647
30 7729 25 35.65854050129791 139.74674271008786
31 6785 25 35.6585432157451 139.7467356140606
32 5906 25 35.65854742764803 139.74672457962015
33 4867 25 35.65855051577351 139.7467164935908
34 4068 25 35.65855472411198 139.7467054820952
35 3235 25 35.65855885020257 139.74669468115215
35 2629 25 35.658561564375006 139.7466875709531
35 2333 25 35.65856513611611 139.74667820676157
35 2045 25 35.6585703964011 139.7466644250147
35 1896 25 35.658574553196644 139.74665353364205
35 1846 25 35.65857665626865 139.7466480181089
35 1644 25 35.658582827034095 139.74663183930178
37 977 25 35.65858552914273 139.7466247554218
37 299 25 35.65858930513103 139.74661485270153
37 0 25 35.65859365548167 139.74660343562223
36 0 25 35.658598165392405 139.7465915981126
35 0 25 35.658602541787644 139.74658011219879
34 0 25 35.658604550822446 139.746574839611
33 0 25 35.65860918574893 139.74656267075096
31 0 25 35.658613182433825 139.7465521768638
31 0 25 35.658614760216835 139.7465480353213
29 176 25 35.65861883777825 139.74653732953183
28 601 25 35.65862275386003 139.74652704889667
26 1264 25 35.658626260896966 139.746517840595
26 1751 25 35.658628378772136 139.74651228052193
25 2339 25 35.6586316711427 139.74650363639327
25 2792 25 35.65863500134695 139.7464948950865
25 3237 25 35.65863752552491 139.74648826942834
25 3517 25 35.65864018349214 139.74648129082465
25 3709 25 35.658642795126525 139.7464744377427
25 3839 25 35.65864591230914 139.74646625318556
23 3913 25 35.658648341079584 139.74645987722118
20 4386 25 35.658650082534535 139.74645530512566
19 5118 25 35.65865216230107 139.74644984627977
19 5876 25 35.658655508679814 139.7464410631324
19 6846 25 35.65865708673617 139.74643692158995
20 7629 25 35.65865922243083 139.74643131495236
21 8000 25 35.6586611755359 139.7464261894814
23 7782 25 35.658663543991 139.74641997345603
24 7287 25 35.658666097777186 139.74641327154004
25 6285 25 35.65866979699729 139.74640356250114
26 5365 25 35.658671693899606 139.74639858347226
28 4488 25 35.65867431430601 139.74639170677062
29 3455 24 35.658678825583024 139.74637940496552
28 2821 21 35.65868057334295 139.74637267403108
27 2370 15 35.658681562232346 139.7463641169578
25 2277 3 35.65868015662217 139.74635204730043
24 2589 -5 35.65867735170731 139.74634501538378
23 3022 -13 35.65867395954503 139.74633953089366
23 3641 -20 35.65867002701624 139.74633437842883
23 4204 -30 35.6586632522864 139.74632700166478
23 4679 -33 35.65866002050619 139.74632356398882
23 4894 -40 35.65865554678784 139.7463194737348
23 5074 -44 35.658648022781506 139.74631314028585
24 6226 -48 35.658642942623814 139.7463094670879
25 7208 -51 35.65863698104599 139.7463053781836
25 7969 -53 35.658631894581916 139.74630188719462
26 8000 -56 35.65862541868174 139.74629744669446
26 8000 -56 35.65861889891562 139.74629259858608
26 8000 -56 35.65861325316678 139.74628814931287
26 8000 -56 35.65860745992015 139.74628353267738
26 8000 -56 35.65860108436004 139.74627821757414
27 7999 -56 35.6585958092725 139.7462737844973
29 7653 -55 35.658590880721235 139.74626954375216
31 7048 -55 35.658585553817005 139.74626485828213
34 5962 -54 35.6585765301556 139.746256789124
35 4915 -54 35.65856958955176 139.7462504617487
37 3755 -53 35.65856223387085 139.74624367750127
37 2726 -53 35.65855479155505 139.74623669957242
38 1809 -52 35.65854684204464 139.74622922090634
38 1272 -52 35.65854148360923 139.74622420003686
38 817 -52 35.658529784699994 139.74621312105643
37 662 -52 35.658523181033445 139.74620684227017
37 643 -52 35.658516691142324 139.7462006532387
36 766 -52 35.65850932421601 139.74619366316261
35 973 -52 35.65850190218305 139.7461866110005
34 1250 -52 35.65849468110801 139.74617972687554
33 1675 -52 35.658488728840524 139.7461740520783
33 1960 -52 35.65848287389906 139.74616847445915
33 2290 -52 35.65847559442639 139.74616155321758
33 2511 -52 35.658468207482684 139.74615454694512
33 2732 -52 35.65846240929069 139.74614907122805
31 2968 -52 35.658452854294836 139.74614004108628
29 3468 -52 35.658448746567444 139.74613616543394
25 4321 -52 35.65844371410074 139.74613142125216
24 5534 -52 35.65843523079123 139.7461234357752
23 7109 -52 35.65843261586015 139.74612097865344
23 8000 -52 35.65842771416645 139.7461163714658
24 8000 -52 35.65842186168794 139.7461108687548
25 8000 -52 35.65841738823043 139.7461066637766
26 8000 -52 35.658412082973214 139.7461016779992
27 8000 -52 35.658407735628444 139.746097593144
30 8000 -52 35.65840271604468 139.7460928746064
31 0 -52 35.65839445617071 139.74608511250415
31 0 -52 35.65838865715084 139.74607966175645
31 0 -52 35.65838302399705 139.74607436554896
27 0 -52 35.65837756383749 139.746069231305
25 0 -52 35.658369992375356 139.74606211300778
22 0 -52 35.658365794171075 139.7460581671712
18 0 -52 35.65836142489101 139.74605406139568
14 0 -52 35.65835865944396 139.74605146525525
10 0 -52 35.65835535664412 139.74604836432846
7 0 -52 35.65835389537381 139.74604699303723
3 0 -52 35.65835256378088 139.74604574321864
0 0 -52 35.65835229866862 139.74604549487455
0 0 -52 35.658352345001575 139.74604553941452
0 0 -52 35.658352394624444 139.74604558665388
0 0 -52 35.65835246124523 139.7460456500896
0 0 -52 35.658352497708435 139.746045683832
0 0 -52 35.65835251772208 139.74604570137805
0 0 -52 35.658352531978366 139.74604571554985
0 0 -52 35.65835253581662 139.7460457189241
0 0 -52 35.65835253581662 139.7460457189241
0 0 -52 35.65835253581662 139.7460457189241
0 0 -52 35.65835253581662 139.7460457189241
0 0 -52 35.65835253581662 139.7460457189241
0 0 -52 35.65835253581662 139.7460457189241
0 0 -52 35.65835253581662 139.7460457189241
0 0 -52 35.65835253581662 139.7460457189241
0 0 -52 35.65835253581662 139.7460457189241
0 0 -52 35.65835253581662 139.7460457189241
0 0 -52 35.65835253581662 139.7460457189241
0 0 -52 35.65835253581662 139.7460457189241
0 0 -52 35.65835253581662 139.7460457189241
0 0 -52 35.65835253581662 139.7460457189241
0 0 -52 35.65835253581662 139.7460457189241
0 0 -52 35.65835253581662 139.7460457189241
0 0 -52 35.65835253581662 139.7460457189241
0 0 -52 35.65835253581662 139.7460457189241
